1. (7, 0), (7, 6), (8, 15), (21, 15), (30, 12), (24, 0)  
2. (7, 0), (7, 6), (8, 15), (21, 15), (25, 8), (21, 0)  
3. (1, 4), (2, 15), (8, 23), (16, 27), (24, 26), (30, 21), (33, 14), (33, 7), (25, 3), (10, 1)
4. (2, 2), (3, 25), (10, 35), (20, 30), (25, 15), (20, 2)
5. (1, 2), (2, 8), (7, 18), (18, 2), (7, 1)
6. (1, 1), (20, 10), (23, 5)
7. (2, 5), (5, 15), (16, 22), (21, 15), (25, 3), (14, 3)
8. (0, 0), (0, 20), (30, 0)
9. (5, 0), (5, 22), (20, 22), (20, 0)
10. (2, 2), (5, 22), (10, 23), (13, 1)
11. (0, 0), (0, 11), (11, 11), (11, 0)